// Game: Godot
// Format: Standard
// entity 0
{
"classname" "worldspawn"
"_tb_textures" "textures"
// brush 0
{
( -80 -64 -16 ) ( -80 -63 -16 ) ( -80 -64 -15 ) white_tile 0 0 0 0.25 0.25
( -64 -80 -16 ) ( -64 -80 -15 ) ( -63 -80 -16 ) white_tile 0 0 0 0.25 0.25
( -64 -64 -16 ) ( -63 -64 -16 ) ( -64 -63 -16 ) white_tile 0 0 0 0.25 0.25
( 64 64 16 ) ( 64 65 16 ) ( 65 64 16 ) white_tile 0 0 0 0.25 0.25
( 64 80 16 ) ( 65 80 16 ) ( 64 80 17 ) white_tile 0 0 0 0.25 0.25
( 72 64 16 ) ( 72 64 17 ) ( 72 65 16 ) white_tile 0 0 0 0.25 0.25
}
// brush 1
{
( -88 -64 -16 ) ( -88 -63 -16 ) ( -88 -64 -15 ) white_tile 0 0 0 0.25 0.25
( -64 -88 -16 ) ( -64 -88 -15 ) ( -63 -88 -16 ) white_tile 0 0 0 0.25 0.25
( -64 -64 -16 ) ( -63 -64 -16 ) ( -64 -63 -16 ) white_tile 0 0 0 0.25 0.25
( 64 64 192 ) ( 64 65 192 ) ( 65 64 192 ) white_tile 0 0 0 0.25 0.25
( -64 -80 -16 ) ( -63 -80 -16 ) ( -64 -80 -15 ) white_tile 0 0 0 0.25 0.25
( 72 64 16 ) ( 72 64 17 ) ( 72 65 16 ) white_tile 0 0 0 0.25 0.25
}
// brush 2
{
( 72 64 16 ) ( 72 65 16 ) ( 72 64 17 ) white_tile 0 0 0 0.25 0.25
( -64 -80 -16 ) ( -64 -80 -15 ) ( -63 -80 -16 ) white_tile 0 0 0 0.25 0.25
( -64 -64 -16 ) ( -63 -64 -16 ) ( -64 -63 -16 ) white_tile 0 0 0 0.25 0.25
( 64 64 192 ) ( 64 65 192 ) ( 65 64 192 ) white_tile 0 0 0 0.25 0.25
( 64 88 16 ) ( 65 88 16 ) ( 64 88 17 ) white_tile 0 0 0 0.25 0.25
( 80 64 16 ) ( 80 64 17 ) ( 80 65 16 ) white_tile 0 0 0 0.25 0.25
}
// brush 3
{
( -88 64 16 ) ( -88 65 16 ) ( -88 64 17 ) white_tile 0 0 0 0.25 0.25
( -224 -80 -16 ) ( -224 -80 -15 ) ( -223 -80 -16 ) white_tile 140 0 0 0.25 0.25
( -224 -64 -16 ) ( -223 -64 -16 ) ( -224 -63 -16 ) white_tile 140 0 0 0.25 0.25
( -96 64 192 ) ( -96 65 192 ) ( -95 64 192 ) white_tile 140 0 0 0.25 0.25
( -96 88 16 ) ( -95 88 16 ) ( -96 88 17 ) white_tile 140 0 0 0.25 0.25
( -80 64 16 ) ( -80 64 17 ) ( -80 65 16 ) white_tile 0 0 0 0.25 0.25
}
// brush 4
{
( -80 104 -16 ) ( -80 105 -16 ) ( -80 104 -15 ) white_tile -172 0 0 0.25 0.25
( -64 80 -16 ) ( -64 80 -15 ) ( -63 80 -16 ) white_tile 0 0 0 0.25 0.25
( -64 104 -16 ) ( -63 104 -16 ) ( -64 105 -16 ) white_tile 0 172 0 0.25 0.25
( 64 232 192 ) ( 64 233 192 ) ( 65 232 192 ) white_tile 0 172 0 0.25 0.25
( -64 88 -16 ) ( -63 88 -16 ) ( -64 88 -15 ) white_tile 0 0 0 0.25 0.25
( 72 232 16 ) ( 72 232 17 ) ( 72 233 16 ) white_tile -172 0 0 0.25 0.25
}
// brush 5
{
( -88 64 16 ) ( -88 65 16 ) ( -88 64 17 ) white_tile 0 0 0 0.25 0.25
( -224 -80 -16 ) ( -224 -80 -15 ) ( -223 -80 -16 ) white_tile 140 0 0 0.25 0.25
( -96 64 192 ) ( -95 64 192 ) ( -96 65 192 ) white_tile 140 0 0 0.25 0.25
( -96 64 200 ) ( -96 65 200 ) ( -95 64 200 ) white_tile 140 0 0 0.25 0.25
( -96 88 16 ) ( -95 88 16 ) ( -96 88 17 ) white_tile 140 0 0 0.25 0.25
( 88 64 16 ) ( 88 64 17 ) ( 88 65 16 ) white_tile 0 0 0 0.25 0.25
}
}
